ac file
-----------
**need ten lines header**
10th line contains run information
11th line contains number of wavelengths & those wavelengths
12th line onwards contains ac data
ac data takes form of:
depth then a for each wavelength, then c for each wavelength
(NB - HE6 recognises end of data by negative depth)
[1.0, 5.5, 0.17333333333333334]
176 400 402 404 406 408 410 412 414 416 418 420 422 424 426 428 430 432 434 436 438 440 442 444 446 448 450 452 454 456 458 460 462 464 466 468 470 472 474 476 478 480 482 484 486 488 490 492 494 496 498 500 502 504 506 508 510 512 514 516 518 520 522 524 526 528 530 532 534 536 538 540 542 544 546 548 550 552 554 556 558 560 562 564 566 568 570 572 574 576 578 580 582 584 586 588 590 592 594 596 598 600 602 604 606 608 610 612 614 616 618 620 622 624 626 628 630 632 634 636 638 640 642 644 646 648 650 652 654 656 658 660 662 664 666 668 670 672 674 676 678 680 682 684 686 688 690 692 694 696 698 700 702 704 706 708 710 712 714 716 718 720 722 724 726 728 730 732 734 736 738 740 742 744 746 748 750
1.000000 0.753208 0.738162 0.724351 0.711225 0.698185 0.685366 0.673272 0.660717 0.648355 0.636705 0.624680 0.612751 0.601827 0.590725 0.580353 0.570661 0.560945 0.551493 0.542158 0.532282 0.522157 0.512192 0.501674 0.491030 0.481121 0.471004 0.461340 0.452595 0.443969 0.435522 0.428106 0.420064 0.412408 0.405059 0.397343 0.389727 0.382300 0.374357 0.366715 0.359285 0.351745 0.344898 0.337702 0.330315 0.323314 0.316237 0.309658 0.302927 0.296604 0.290084 0.283902 0.278106 0.272094 0.265973 0.260493 0.254616 0.249120 0.243866 0.238665 0.233598 0.228773 0.223748 0.219134 0.214601 0.210020 0.205491 0.201337 0.196817 0.192697 0.188571 0.184413 0.180357 0.176472 0.172602 0.168577 0.164658 0.160925 0.157019 0.153466 0.149585 0.146084 0.142786 0.139460 0.136152 0.133256 0.130093 0.127480 0.124975 0.122296 0.119927 0.117607 0.115336 0.113234 0.111194 0.109191 0.107157 0.105100 0.102982 0.101105 0.099144 0.097206 0.095235 0.093604 0.091951 0.090366 0.089030 0.087641 0.086221 0.085005 0.083753 0.082333 0.081118 0.079831 0.078434 0.077224 0.076046 0.074794 0.073815 0.072535 0.071434 0.070263 0.069147 0.067831 0.066721 0.065680 0.064656 0.063793 0.063175 0.062722 0.062896 0.063579 0.064536 0.065982 0.067613 0.069302 0.070915 0.070451 0.070959 0.069780 0.068540 0.066401 0.063841 0.060211 0.056168 0.052161 0.048187 0.044638 0.041886 0.039445 0.037413 0.035911 0.034427 0.033184 0.032125 0.031322 0.030314 0.029514 0.028729 0.028111 0.027518 0.026863 0.026151 0.025508 0.024878 0.024292 0.023718 0.023299 0.022709 0.022302 0.021871 0.021179 0.020898 0.020546 0.020028 0.019770 0.019350 3.073208 3.058162 3.044351 3.031225 3.018185 3.005366 2.993272 2.980717 2.968355 2.956705 2.944680 2.932751 2.921827 2.910725 2.900353 2.890661 2.880945 2.871493 2.862158 2.852282 2.842157 2.832192 2.821674 2.811030 2.801121 2.791004 2.781340 2.772595 2.763969 2.755522 2.748106 2.740064 2.732408 2.725059 2.717343 2.709727 2.702300 2.694357 2.686715 2.679285 2.671745 2.664898 2.657702 2.650315 2.643314 2.636237 2.629658 2.622927 2.616604 2.610084 2.603902 2.598106 2.592094 2.585973 2.580493 2.574616 2.569120 2.563866 2.558665 2.553598 2.548773 2.543748 2.539134 2.534601 2.530020 2.525491 2.521337 2.516817 2.512697 2.508571 2.504413 2.500357 2.496472 2.492602 2.488577 2.484658 2.480925 2.477019 2.473466 2.469585 2.466084 2.462786 2.459460 2.456152 2.453256 2.450093 2.447480 2.444975 2.442296 2.439927 2.437607 2.435336 2.433234 2.431194 2.429191 2.427157 2.425100 2.422982 2.421105 2.419144 2.417206 2.415235 2.413604 2.411951 2.410366 2.409030 2.407641 2.406221 2.405005 2.403753 2.402333 2.401118 2.399831 2.398434 2.397224 2.396046 2.394794 2.393815 2.392535 2.391434 2.390263 2.389147 2.387831 2.386721 2.385680 2.384656 2.383793 2.383175 2.382722 2.382896 2.383579 2.384536 2.385982 2.387613 2.389302 2.390915 2.390451 2.390959 2.389780 2.388540 2.386401 2.383841 2.380211 2.376168 2.372161 2.368187 2.364638 2.361886 2.359445 2.357413 2.355911 2.354427 2.353184 2.352125 2.351322 2.350314 2.349514 2.348729 2.348111 2.347518 2.346863 2.346151 2.345508 2.344878 2.344292 2.343718 2.343299 2.342709 2.342302 2.341871 2.341179 2.340898 2.340546 2.340028 2.339770 2.339350
-1.000000 0.753208 0.738162 0.724351 0.711225 0.698185 0.685366 0.673272 0.660717 0.648355 0.636705 0.624680 0.612751 0.601827 0.590725 0.580353 0.570661 0.560945 0.551493 0.542158 0.532282 0.522157 0.512192 0.501674 0.491030 0.481121 0.471004 0.461340 0.452595 0.443969 0.435522 0.428106 0.420064 0.412408 0.405059 0.397343 0.389727 0.382300 0.374357 0.366715 0.359285 0.351745 0.344898 0.337702 0.330315 0.323314 0.316237 0.309658 0.302927 0.296604 0.290084 0.283902 0.278106 0.272094 0.265973 0.260493 0.254616 0.249120 0.243866 0.238665 0.233598 0.228773 0.223748 0.219134 0.214601 0.210020 0.205491 0.201337 0.196817 0.192697 0.188571 0.184413 0.180357 0.176472 0.172602 0.168577 0.164658 0.160925 0.157019 0.153466 0.149585 0.146084 0.142786 0.139460 0.136152 0.133256 0.130093 0.127480 0.124975 0.122296 0.119927 0.117607 0.115336 0.113234 0.111194 0.109191 0.107157 0.105100 0.102982 0.101105 0.099144 0.097206 0.095235 0.093604 0.091951 0.090366 0.089030 0.087641 0.086221 0.085005 0.083753 0.082333 0.081118 0.079831 0.078434 0.077224 0.076046 0.074794 0.073815 0.072535 0.071434 0.070263 0.069147 0.067831 0.066721 0.065680 0.064656 0.063793 0.063175 0.062722 0.062896 0.063579 0.064536 0.065982 0.067613 0.069302 0.070915 0.070451 0.070959 0.069780 0.068540 0.066401 0.063841 0.060211 0.056168 0.052161 0.048187 0.044638 0.041886 0.039445 0.037413 0.035911 0.034427 0.033184 0.032125 0.031322 0.030314 0.029514 0.028729 0.028111 0.027518 0.026863 0.026151 0.025508 0.024878 0.024292 0.023718 0.023299 0.022709 0.022302 0.021871 0.021179 0.020898 0.020546 0.020028 0.019770 0.019350 3.073208 3.058162 3.044351 3.031225 3.018185 3.005366 2.993272 2.980717 2.968355 2.956705 2.944680 2.932751 2.921827 2.910725 2.900353 2.890661 2.880945 2.871493 2.862158 2.852282 2.842157 2.832192 2.821674 2.811030 2.801121 2.791004 2.781340 2.772595 2.763969 2.755522 2.748106 2.740064 2.732408 2.725059 2.717343 2.709727 2.702300 2.694357 2.686715 2.679285 2.671745 2.664898 2.657702 2.650315 2.643314 2.636237 2.629658 2.622927 2.616604 2.610084 2.603902 2.598106 2.592094 2.585973 2.580493 2.574616 2.569120 2.563866 2.558665 2.553598 2.548773 2.543748 2.539134 2.534601 2.530020 2.525491 2.521337 2.516817 2.512697 2.508571 2.504413 2.500357 2.496472 2.492602 2.488577 2.484658 2.480925 2.477019 2.473466 2.469585 2.466084 2.462786 2.459460 2.456152 2.453256 2.450093 2.447480 2.444975 2.442296 2.439927 2.437607 2.435336 2.433234 2.431194 2.429191 2.427157 2.425100 2.422982 2.421105 2.419144 2.417206 2.415235 2.413604 2.411951 2.410366 2.409030 2.407641 2.406221 2.405005 2.403753 2.402333 2.401118 2.399831 2.398434 2.397224 2.396046 2.394794 2.393815 2.392535 2.391434 2.390263 2.389147 2.387831 2.386721 2.385680 2.384656 2.383793 2.383175 2.382722 2.382896 2.383579 2.384536 2.385982 2.387613 2.389302 2.390915 2.390451 2.390959 2.389780 2.388540 2.386401 2.383841 2.380211 2.376168 2.372161 2.368187 2.364638 2.361886 2.359445 2.357413 2.355911 2.354427 2.353184 2.352125 2.351322 2.350314 2.349514 2.348729 2.348111 2.347518 2.346863 2.346151 2.345508 2.344878 2.344292 2.343718 2.343299 2.342709 2.342302 2.341871 2.341179 2.340898 2.340546 2.340028 2.339770 2.339350
