bb file
-----------
**need ten lines header**
10th line contains run information
11th line contains number of wavelengths & those wavelengths
12th line onwards contains ac data
ac data takes form of:
depth then bb for each wavelength
(NB - HE6 recognises end of data by negative depth)
[1.0, 1.0, 0.33666666666666667]
71 400 405 410 415 420 425 430 435 440 445 450 455 460 465 470 475 480 485 490 495 500 505 510 515 520 525 530 535 540 545 550 555 560 565 570 575 580 585 590 595 600 605 610 615 620 625 630 635 640 645 650 655 660 665 670 675 680 685 690 695 700 705 710 715 720 725 730 735 740 745 750
1.000000 0.018202 0.018120 0.018040 0.017961 0.017883 0.017807 0.017732 0.017658 0.017585 0.017514 0.017444 0.017374 0.017306 0.017239 0.017172 0.017107 0.017043 0.016979 0.016917 0.016855 0.016794 0.016735 0.016675 0.016617 0.016560 0.016503 0.016447 0.016392 0.016337 0.016283 0.016230 0.016178 0.016126 0.016074 0.016024 0.015974 0.015925 0.015876 0.015828 0.015780 0.015733 0.015686 0.015640 0.015595 0.015550 0.015505 0.015461 0.015418 0.015375 0.015332 0.015290 0.015248 0.015207 0.015166 0.015126 0.015086 0.015046 0.015007 0.014968 0.014930 0.014892 0.014854 0.014817 0.014780 0.014744 0.014708 0.014672 0.014636 0.014601 0.014566 0.014532
-1.000000 0.018202 0.018120 0.018040 0.017961 0.017883 0.017807 0.017732 0.017658 0.017585 0.017514 0.017444 0.017374 0.017306 0.017239 0.017172 0.017107 0.017043 0.016979 0.016917 0.016855 0.016794 0.016735 0.016675 0.016617 0.016560 0.016503 0.016447 0.016392 0.016337 0.016283 0.016230 0.016178 0.016126 0.016074 0.016024 0.015974 0.015925 0.015876 0.015828 0.015780 0.015733 0.015686 0.015640 0.015595 0.015550 0.015505 0.015461 0.015418 0.015375 0.015332 0.015290 0.015248 0.015207 0.015166 0.015126 0.015086 0.015046 0.015007 0.014968 0.014930 0.014892 0.014854 0.014817 0.014780 0.014744 0.014708 0.014672 0.014636 0.014601 0.014566 0.014532
